time_stamp	px_state	py_state	v_state	yaw_angle_state	yaw_rate_state	sensor_type	NIS	px_measured	py_measured	px_ground_truth	py_ground_truth	vx_ground_truth	vy_ground_truth
1477010443000000	0.312243	0.58034	0	0	0	lidar	2.23035e-314	0.312243	0.58034	0.6	0.6	5.19994	0
1477010443050000	0.779273	0.612181	7.56697	1.33681e-17	-3.26786e-17	radar	8.28453	0.862916	0.534212	0.859997	0.600045	5.19975	0.00179686
1477010443100000	1.13215	0.516287	7.76601	-0.339203	-0.0316111	lidar	0.50778	1.17385	0.481073	1.11998	0.600225	5.19943	0.00538996
1477010443150000	1.26091	0.558544	6.85432	-0.139041	-0.0126291	radar	2.33183	0.969149	0.397513	1.37996	0.600629	5.19898	0.0107781
1477010443200000	1.61665	0.545908	6.79687	-0.0790212	0.0345531	lidar	0.508424	1.65063	0.62469	1.6399	0.601347	5.19839	0.0179597
1477010443250000	1.8325	0.560691	5.64095	-0.0232846	-0.0474574	radar	1.70587	1.62331	0.499091	1.89982	0.60247	5.19766	0.0269323
1477010443300000	2.13592	0.576966	5.63667	-0.00181917	0.0153165	lidar	0.486748	2.18882	0.648739	2.1597	0.604086	5.19678	0.0376932
1477010443350000	2.34625	0.634736	5.31186	0.0813715	0.232405	radar	3.06114	1.96701	0.557117	2.41954	0.606284	5.19573	0.0502389
1477010443400000	2.61971	0.658823	5.32591	0.0916146	0.225266	lidar	0.0768777	2.65526	0.66598	2.67932	0.609155	5.1945	0.0645654
1477010443450000	2.88792	0.656622	5.33657	0.0632763	0.0806399	radar	0.117437	2.92034	0.645898	2.93904	0.612786	5.19309	0.080668
1477010443500000	3.12286	0.665218	5.30142	0.0646006	0.0724366	lidar	0.730701	3.01222	0.637046	3.19869	0.617267	5.19147	0.0985415
1477010443550000	3.41362	0.561425	5.3582	-0.0882662	-0.408532	radar	2.15607	3.56096	0.485311	3.45825	0.622685	5.18963	0.11818
1477010443600000	3.72189	0.456556	5.43869	-0.207428	-0.685451	lidar	3.08298	3.89365	0.311793	3.71772	0.62913	5.18754	0.139576
1477010443650000	3.99938	0.536912	5.46296	-0.0835077	-0.266052	radar	3.24901	4.19786	0.698311	3.97708	0.636689	5.18519	0.162724
1477010443700000	4.27587	0.533918	5.46103	-0.0763242	-0.217484	lidar	0.190723	4.30935	0.578564	4.23632	0.645449	5.18256	0.187614
1477010443750000	4.53314	0.574602	5.35248	-0.0332609	-0.101713	radar	1.33192	4.61908	0.68951	4.49542	0.655498	5.17962	0.214238
1477010443800000	4.71775	0.688427	5.18186	0.0711009	0.122351	lidar	10.4237	4.35143	0.899174	4.75437	0.666921	5.17634	0.242587
1477010443850000	4.9693	0.687227	5.08321	0.0605271	0.0910336	radar	1.571	5.20901	0.66599	5.01315	0.679804	5.1727	0.272649
1477010443900000	5.27227	0.679015	5.16356	0.0436944	0.0519851	lidar	3.33031	5.51894	0.648233	5.27175	0.694234	5.16867	0.304413
1477010443950000	5.53258	0.685575	5.25116	0.0436701	0.0478158	radar	1.69961	5.22834	0.639362	5.53013	0.710295	5.16422	0.337868
1477010444000000	5.83101	0.696998	5.30871	0.0438947	0.0440338	lidar	1.94102	6.022	0.708619	5.78828	0.728072	5.15932	0.372999
1477010444050000	6.07267	0.626494	5.16758	-0.00845959	-0.0421778	radar	3.94299	5.89392	0.373584	6.04618	0.747647	5.15393	0.409793
1477010444100000	6.32717	0.734342	5.15908	0.0595874	0.0633862	lidar	3.10503	6.34249	0.948833	6.30379	0.769103	5.14803	0.448233
1477010444150000	6.57686	0.76688	5.11023	0.0731155	0.0783172	radar	0.293238	6.62134	0.836138	6.5611	0.792523	5.14157	0.488305
1477010444200000	6.82443	0.762722	5.09914	0.0636339	0.0596472	lidar	0.247587	6.78214	0.714036	6.81808	0.817988	5.13452	0.52999
1477010444250000	7.06559	0.748405	4.95748	0.0489971	0.0353636	radar	2.3921	7.29121	0.630741	7.07469	0.845578	5.12685	0.573269
1477010444300000	7.28175	0.827667	4.9112	0.0891453	0.0860685	lidar	2.2566	7.13735	0.957217	7.3309	0.875373	5.11851	0.618123
1477010444350000	7.57956	0.840731	5.14134	0.0863086	0.0767158	radar	5.22468	8.08349	0.819605	7.58668	0.907449	5.10946	0.664531
1477010444400000	7.8327	0.817429	5.13327	0.0660551	0.0464039	lidar	0.666296	7.80533	0.719126	7.84199	0.941886	5.09966	0.712469
1477010444450000	8.08068	0.836236	5.01766	0.0691651	0.0469194	radar	2.23338	8.40453	0.884557	8.0968	0.978759	5.08907	0.761915
1477010444500000	8.31767	0.850792	4.9967	0.0705088	0.0457722	lidar	0.262096	8.24796	0.840322	8.35106	1.01814	5.07766	0.812843
1477010444550000	8.59056	0.938485	5.20077	0.107032	0.0876818	radar	6.57891	8.45858	1.41118	8.60472	1.06011	5.06537	0.865226
1477010444600000	8.83111	0.994363	5.17554	0.125631	0.104819	lidar	0.584183	8.74615	1.04858	8.85775	1.10473	5.05216	0.919037
1477010444650000	9.12282	1.03407	5.24452	0.132417	0.106378	radar	6.81479	9.8809	1.1419	9.1101	1.15208	5.03798	0.974245
1477010444700000	9.36259	1.06506	5.21218	0.136665	0.10526	lidar	0.614698	9.25579	1.04913	9.36172	1.20223	5.0228	1.03082
1477010444750000	9.64356	1.13805	5.27966	0.157945	0.12405	radar	4.32443	10.1016	1.52474	9.61255	1.25524	5.00656	1.08873
1477010444800000	9.92183	1.26232	5.32539	0.201051	0.167468	lidar	2.98203	10.0484	1.44598	9.86254	1.31118	4.98922	1.14794
1477010444850000	10.1676	1.34981	5.17452	0.227028	0.189688	radar	4.92716	10.5377	1.72555	10.1117	1.37011	4.97074	1.20841
1477010444900000	10.3911	1.42848	5.13546	0.247065	0.202415	lidar	1.13849	10.2492	1.45907	10.3598	1.4321	4.95106	1.2701
1477010444950000	10.6203	1.50769	4.96634	0.267533	0.216552	radar	3.37908	10.9084	1.70343	10.6069	1.49721	4.93014	1.33298
1477010445000000	10.8414	1.53879	4.92507	0.26367	0.199464	lidar	1.0922	10.7313	1.45265	10.853	1.56549	4.90794	1.39701
1477010445050000	11.1098	1.59102	5.03535	0.264183	0.187246	radar	2.26602	11.4783	1.42876	11.0979	1.637	4.8844	1.46213
1477010445100000	11.3905	1.63905	5.08791	0.261808	0.173081	lidar	2.09747	11.587	1.61462	11.3416	1.71179	4.85948	1.52832
1477010445150000	11.6204	1.69419	5.01473	0.267187	0.169777	radar	0.684246	11.4763	1.53917	11.584	1.78992	4.83313	1.59551
1477010445200000	11.8488	1.75842	4.99323	0.275554	0.169712	lidar	0.266403	11.7788	1.74591	11.8251	1.87144	4.80531	1.66366
1477010445250000	12.1076	1.84924	5.12127	0.290786	0.176563	radar	1.53542	12.136	2.14937	12.0647	1.95639	4.77598	1.73273
1477010445300000	12.351	1.87969	5.09842	0.280063	0.15346	lidar	0.636246	12.3226	1.78353	12.3029	2.04482	4.74508	1.80265
1477010445350000	12.6085	1.9428	5.1872	0.281649	0.145263	radar	0.78185	12.5457	1.77728	12.5394	2.13677	4.71257	1.87338
1477010445400000	12.8102	2.07443	5.14343	0.319956	0.182072	lidar	3.27402	12.5924	2.17509	12.7743	2.23227	4.67842	1.94485
1477010445450000	13.0802	2.18532	5.29752	0.337297	0.190031	radar	2.91567	13.2198	2.6644	13.0075	2.33137	4.64258	2.01701
1477010445500000	13.2863	2.32487	5.25894	0.374044	0.222305	lidar	2.62366	13.0875	2.40708	13.2388	2.43409	4.605	2.08981
1477010445550000	13.4618	2.46254	5.02099	0.414879	0.26153	radar	11.1955	12.7087	3.12439	13.4682	2.54047	4.56565	2.16317
1477010445600000	13.7122	2.58013	5.06325	0.431788	0.265935	lidar	0.918421	13.836	2.62479	13.6955	2.65053	4.52448	2.23703
1477010445650000	13.9317	2.69013	5.02906	0.448115	0.270164	radar	0.17676	13.8302	2.73893	13.9208	2.7643	4.48147	2.31134
1477010445700000	14.1611	2.84519	5.06664	0.480347	0.292	lidar	0.726484	14.2106	2.94205	14.1439	2.88179	4.43656	2.38601
1477010445750000	14.4129	2.9599	5.20406	0.485754	0.277869	radar	1.32369	14.5568	2.87021	14.3646	3.00303	4.38974	2.46099
1477010445800000	14.6187	3.03156	5.1294	0.48136	0.256683	lidar	2.22701	14.4616	2.90734	14.583	3.12802	4.34097	2.5362
1477010445850000	14.8515	3.18904	5.23239	0.507008	0.269738	radar	3.56957	14.6754	3.96041	14.7989	3.25679	4.29021	2.61157
1477010445900000	15.0627	3.38238	5.26378	0.550221	0.30439	lidar	1.13132	15.0261	3.5067	15.0122	3.38932	4.23744	2.68703
1477010445950000	15.2729	3.54731	5.19265	0.581353	0.326149	radar	2.7246	15.3685	4.14761	15.2228	3.52563	4.18263	2.76249
1477010446000000	15.4884	3.73592	5.23396	0.615772	0.347165	lidar	0.627378	15.5236	3.82936	15.4306	3.66572	4.12575	2.83789
1477010446050000	15.6987	3.86971	5.20101	0.626255	0.339726	radar	1.00342	15.7234	3.4105	15.6355	3.80957	4.06678	2.91315
1477010446100000	15.9204	4.01306	5.20725	0.636551	0.331947	lidar	0.188963	15.9774	4.00094	15.8375	3.95719	4.00571	2.98817
1477010446150000	16.1154	4.16955	5.09294	0.660157	0.344727	radar	1.63732	16.3376	4.21632	16.0363	4.10854	3.94251	3.0629
1477010446200000	16.312	4.36558	5.13097	0.692819	0.362567	lidar	0.42927	16.3313	4.44499	16.2319	4.26363	3.87716	3.13723
1477010446250000	16.5228	4.53015	5.17107	0.706275	0.355979	radar	0.646585	16.7586	4.48231	16.4242	4.42242	3.80966	3.21109
1477010446300000	16.6995	4.6966	5.14459	0.726832	0.359169	lidar	0.510073	16.6039	4.67344	16.613	4.5849	3.74	3.28438
1477010446350000	16.8535	4.87308	4.9353	0.763409	0.390381	radar	3.75772	16.9236	5.10119	16.7983	4.75103	3.66817	3.35704
1477010446400000	17.0153	5.10142	4.98679	0.806976	0.418113	lidar	0.837096	16.9955	5.21099	16.9799	4.92077	3.59416	3.42897
1477010446450000	17.187	5.26243	4.94599	0.820949	0.411149	radar	1.47116	17.3421	4.64623	17.1579	5.09409	3.51797	3.50008
1477010446500000	17.3428	5.4453	4.93411	0.844183	0.414208	lidar	0.155677	17.2894	5.43542	17.3319	5.27094	3.4396	3.57028
1477010446550000	17.5011	5.60286	4.86084	0.857661	0.407954	radar	2.79242	17.6463	4.74597	17.5019	5.45128	3.35907	3.63949
1477010446600000	17.6889	5.72847	4.81239	0.84916	0.374869	lidar	1.29924	17.7853	5.62476	17.6679	5.63506	3.27637	3.70762
1477010446650000	17.8365	5.91229	4.74645	0.874626	0.386384	radar	0.671334	17.9216	6.07151	17.8297	5.82221	3.19151	3.77458
1477010446700000	18.0068	6.11162	4.79079	0.893864	0.386443	lidar	0.933882	18.1263	6.16985	17.9872	6.01269	3.10453	3.84027
1477010446750000	18.1598	6.31477	4.83499	0.915789	0.3883	radar	0.880714	18.1245	6.79027	18.1402	6.20641	3.01542	3.90462
1477010446800000	18.2802	6.56192	4.88963	0.960315	0.417016	lidar	0.92941	18.2164	6.66138	18.2888	6.40332	2.92421	3.96753
1477010446850000	18.4145	6.77031	4.8801	0.985698	0.423627	radar	0.275598	18.4022	7.02231	18.4328	6.60333	2.83093	4.0289
1477010446900000	18.5591	6.90697	4.78674	0.981381	0.394474	lidar	1.40563	18.5422	6.76013	18.572	6.80638	2.7356	4.08867
1477010446950000	18.71	7.11493	4.87831	0.992855	0.380211	radar	0.796734	18.8089	7.24388	18.7064	7.01237	2.63825	4.14672
1477010447000000	18.9047	7.25757	4.83583	0.972777	0.336083	lidar	3.67745	19.1441	7.18344	18.8359	7.22122	2.53893	4.20299
1477010447050000	18.9966	7.44686	4.68417	1.00602	0.361917	radar	3.62657	18.5479	7.4012	18.9604	7.43283	2.43767	4.25737
1477010447100000	19.0857	7.72309	4.77882	1.05832	0.400821	lidar	1.78423	19.0138	7.8688	19.0798	7.64712	2.3345	4.3098
1477010447150000	19.2086	7.9272	4.79817	1.07242	0.392089	radar	0.266627	19.3089	7.67375	19.1939	7.86397	2.22949	4.36017
1477010447200000	19.2865	8.14839	4.78671	1.1059	0.407416	lidar	1.30594	19.132	8.12845	19.3028	8.08329	2.12266	4.40842
1477010447250000	19.3867	8.35809	4.81667	1.12253	0.398706	radar	2.16361	19.0239	8.17194	19.4062	8.30497	2.01409	4.45445
1477010447300000	19.4807	8.50208	4.6845	1.12477	0.378261	lidar	3.16442	19.347	8.30741	19.5042	8.5289	1.90381	4.49819
1477010447350000	19.5748	8.70377	4.63791	1.14467	0.381778	radar	0.442719	19.6843	8.35902	19.5966	8.75494	1.7919	4.53956
1477010447400000	19.7336	8.88406	4.62653	1.13311	0.348017	lidar	4.02435	20.0039	8.8906	19.6835	8.983	1.67841	4.57848
1477010447450000	19.8112	9.0974	4.56667	1.16228	0.366298	radar	0.928043	19.6061	9.48659	19.7645	9.21294	1.56341	4.61488
1477010447500000	19.9378	9.33568	4.63999	1.17437	0.360151	lidar	3.3512	20.1574	9.45949	19.8398	9.44463	1.44697	4.64869
1477010447550000	19.989	9.5445	4.51865	1.21213	0.391339	radar	2.37137	19.6163	9.76606	19.9093	9.67795	1.32916	4.67984
1477010447600000	20.0722	9.79628	4.59301	1.23905	0.400081	lidar	1.10636	20.1573	9.90876	19.9728	9.91275	1.21005	4.70826
1477010447650000	20.134	10.0483	4.68644	1.26726	0.405091	radar	7.40245	19.1911	11.5493	20.0303	10.1489	1.08972	4.73389
1477010447700000	20.1797	10.3345	4.78909	1.30965	0.430052	lidar	1.19294	20.166	10.4687	20.0818	10.3863	0.968259	4.75666
1477010447750000	20.1987	10.5632	4.69642	1.35389	0.464712	radar	2.94016	19.6775	10.803	20.1271	10.6247	0.845742	4.77652
1477010447800000	20.254	10.8485	4.80419	1.38567	0.4747	lidar	2.22269	20.371	11.0109	20.1663	10.864	0.722256	4.7934
1477010447850000	20.2818	11.1097	4.86283	1.41725	0.481031	radar	4.90209	19.4335	12.3402	20.1993	11.1041	0.597892	4.80727
1477010447900000	20.316	11.3496	4.86172	1.44109	0.480789	lidar	0.000116518	20.3164	11.3483	20.2261	11.3449	0.472738	4.81807
1477010447950000	20.2669	11.5881	4.71565	1.51236	0.553442	radar	10.6562	19.2063	12.2418	20.2466	11.5861	0.346889	4.82575
1477010448000000	20.3367	11.8303	4.73775	1.51837	0.530404	lidar	4.74492	20.6141	11.9422	20.2608	11.8275	0.220439	4.83027
1477010448050000	20.3607	12.0678	4.82324	1.52601	0.49397	radar	3.70465	19.966	11.9688	20.2687	12.0692	0.093487	4.83159
1477010448100000	20.3436	12.367	4.93977	1.56748	0.512285	lidar	1.11565	20.3263	12.4966	20.2701	12.3108	-0.0338694	4.82968
1477010448150000	20.2966	12.5992	4.83011	1.62279	0.56158	radar	3.28943	20.0192	12.4823	20.2652	12.5522	-0.161529	4.82451
1477010448200000	20.3221	12.8363	4.81942	1.63455	0.544285	lidar	1.83169	20.498	12.8924	20.254	12.7933	-0.28939	4.81605
1477010448250000	20.3127	13.0618	4.77824	1.6588	0.543418	radar	2.07006	20.9151	12.2555	20.2363	13.0339	-0.417348	4.80428
1477010448300000	20.2794	13.2701	4.72022	1.68723	0.544496	lidar	0.942294	20.1943	13.1688	20.2122	13.2738	-0.545298	4.78918
1477010448350000	20.2423	13.5028	4.73652	1.71338	0.538877	radar	1.30016	19.858	13.5236	20.1818	13.5129	-0.673135	4.77072
1477010448400000	20.2177	13.7694	4.80055	1.73714	0.535804	lidar	1.38462	20.3245	13.8896	20.1449	13.7509	-0.800753	4.74892
1477010448450000	20.1653	13.9914	4.75322	1.77191	0.550475	radar	0.836479	20.3387	13.5307	20.1017	13.9878	-0.928043	4.72374
1477010448500000	20.1059	14.2545	4.82049	1.80346	0.555009	lidar	0.421828	20.1216	14.337	20.0521	14.2233	-1.0549	4.69521
1477010448550000	20.0348	14.4822	4.81681	1.83499	0.557915	radar	1.38029	19.6717	14.4038	19.9962	14.4573	-1.18121	4.66331
1477010448600000	19.9212	14.7468	4.9083	1.88072	0.576931	lidar	1.2379	19.781	14.773	19.934	14.6897	-1.30687	4.62805
1477010448650000	19.8553	14.9627	4.89018	1.89795	0.554867	radar	3.36672	20.1149	14.0165	19.8655	14.9202	-1.43177	4.58944
1477010448700000	19.8284	15.1739	4.81791	1.90586	0.534072	lidar	2.13357	20.0208	15.2053	19.7908	15.1486	-1.55581	4.54751
1477010448750000	19.7029	15.3756	4.70501	1.9772	0.618399	radar	7.92288	20.0157	15.3443	19.7099	15.3749	-1.67887	4.50226
1477010448800000	19.6805	15.5523	4.57556	1.98305	0.592005	lidar	3.16779	19.9131	15.554	19.6229	15.5989	-1.80085	4.45372
1477010448850000	19.5932	15.7492	4.55326	2.00832	0.584267	radar	1.22962	19.9388	15.0864	19.5298	15.8203	-1.92164	4.40193
1477010448900000	19.4841	15.9704	4.59407	2.03972	0.586631	lidar	0.106008	19.4748	16.0098	19.4307	16.039	-2.04114	4.3469
1477010448950000	19.3854	16.1751	4.61135	2.05617	0.559774	radar	1.77721	19.1556	16.0022	19.3257	16.2549	-2.15925	4.28868
1477010449000000	19.276	16.3529	4.56264	2.08622	0.561826	lidar	0.44197	19.238	16.2719	19.2148	16.4679	-2.27586	4.22731
1477010449050000	19.1628	16.5445	4.54814	2.11547	0.564824	radar	0.226991	19.4007	16.2962	19.0981	16.6777	-2.39087	4.16284
1477010449100000	19.0235	16.7672	4.6248	2.14655	0.567843	lidar	0.358913	19.0029	16.8387	18.9757	16.8841	-2.50418	4.0953
1477010449150000	18.8678	16.9591	4.62422	2.20489	0.627261	radar	6.77916	18.8373	17.7112	18.8477	17.0872	-2.61571	4.02476
1477010449200000	18.6783	17.2151	4.81396	2.24238	0.633568	lidar	2.11318	18.6148	17.3832	18.7142	17.2866	-2.72534	3.95127
1477010449250000	18.5773	17.4172	4.79715	2.22829	0.550018	radar	5.91242	18.8177	17.0316	18.5752	17.4822	-2.83299	3.87489
1477010449300000	18.3533	17.6217	4.91755	2.27681	0.571054	lidar	3.79335	18.1023	17.5529	18.4309	17.674	-2.93858	3.79568
1477010449350000	18.2153	17.8147	4.9104	2.28114	0.524841	radar	2.36478	18.2749	17.4877	18.2814	17.8617	-3.042	3.71372
1477010449400000	18.0873	17.9961	4.86175	2.29746	0.515019	lidar	0.954489	18.2094	18.0461	18.1268	18.0453	-3.14318	3.62906
1477010449450000	17.9127	18.1497	4.82553	2.34005	0.544456	radar	2.00363	18.3021	17.498	17.9671	18.2246	-3.24204	3.5418
1477010449500000	17.7923	18.2806	4.6893	2.36113	0.538532	lidar	1.05773	17.9018	18.2183	17.8026	18.3994	-3.3385	3.45199
1477010449550000	17.6632	18.4573	4.65703	2.36879	0.511765	radar	6.63359	18.8558	18.1364	17.6334	18.5697	-3.43247	3.35973
1477010449600000	17.4584	18.6489	4.7604	2.39742	0.514611	lidar	0.572236	17.3845	18.7039	17.4595	18.7353	-3.5239	3.26509
1477010449650000	17.2808	18.7876	4.72857	2.43188	0.529329	radar	1.73573	17.7945	18.0801	17.281	18.8962	-3.61271	3.16817
1477010449700000	17.1243	18.9193	4.65995	2.45652	0.527651	lidar	0.254328	17.1762	18.8863	17.0983	19.0521	-3.69883	3.06904
1477010449750000	16.9569	19.0898	4.67442	2.46887	0.507558	radar	3.0878	16.9398	19.7311	16.9113	19.203	-3.78221	2.9678
1477010449800000	16.7369	19.2083	4.69211	2.50927	0.522588	lidar	2.70314	16.5734	19.052	16.7201	19.3488	-3.86278	2.86455
1477010449850000	16.5441	19.3643	4.72731	2.53284	0.523161	radar	3.26017	16.1674	20.2201	16.5251	19.4894	-3.9405	2.75938
1477010449900000	16.3071	19.5354	4.85093	2.55828	0.521836	lidar	0.809885	16.2338	19.6171	16.3262	19.6246	-4.01531	2.65237
1477010449950000	16.0861	19.6175	4.81724	2.60823	0.55582	radar	10.0942	16.4366	18.2742	16.1237	19.7545	-4.08716	2.54364
1477010450000000	15.8778	19.7634	4.85229	2.62845	0.548033	lidar	0.730743	15.9243	19.8703	15.9176	19.8789	-4.15602	2.43329
1477010450050000	15.6929	19.8848	4.78543	2.63496	0.506657	radar	3.29014	16.2328	19.2166	15.7082	19.9978	-4.22185	2.32141
1477010450100000	15.4524	20.0447	4.89813	2.65238	0.497847	lidar	1.18608	15.4332	20.1836	15.4956	20.111	-4.28461	2.2081
1477010450150000	15.2335	20.1922	4.93911	2.66326	0.477823	radar	5.59575	14.3677	21.3406	15.2799	20.2185	-4.34427	2.09347
1477010450200000	15.053	20.3169	4.88447	2.67597	0.46712	lidar	1.97737	15.2016	20.4385	15.0613	20.3203	-4.4008	1.97763
1477010450250000	14.8214	20.4008	4.88566	2.71237	0.485971	radar	2.11492	14.7476	19.9571	14.84	20.4162	-4.4542	1.86068
1477010450300000	14.6077	20.5179	4.88918	2.72951	0.478834	lidar	0.619395	14.6665	20.6088	14.6161	20.5063	-4.50443	1.74272
1477010450350000	14.3657	20.609	4.93153	2.764	0.499377	radar	1.20228	13.841	21.0031	14.3897	20.5904	-4.55149	1.62386
1477010450400000	14.121	20.6815	4.94207	2.79603	0.506327	lidar	0.670215	14.0521	20.5924	14.1611	20.6686	-4.59537	1.50421
1477010450450000	13.8798	20.7558	4.96585	2.82996	0.523356	radar	0.343568	13.8232	20.859	13.9304	20.7408	-4.63606	1.38386
1477010450500000	13.6016	20.8215	5.03717	2.86366	0.530175	lidar	1.47084	13.4686	20.7253	13.6977	20.807	-4.67357	1.26294
1477010450550000	13.3481	20.856	5.0694	2.9141	0.573518	radar	2.41529	13.8263	20.4261	13.4632	20.8671	-4.70789	1.14153
1477010450600000	13.1091	20.8922	5.0371	2.94774	0.578881	lidar	0.223492	13.1072	20.8294	13.2271	20.9211	-4.73904	1.01975
1477010450650000	12.8753	20.9516	5.01685	2.96945	0.57008	radar	1.80398	13.2669	21.1579	12.9895	20.969	-4.76702	0.897694
1477010450700000	12.6937	20.9853	4.88178	2.99509	0.569374	lidar	2.17563	12.8729	21.0592	12.7506	21.0108	-4.79186	0.775469
1477010450750000	12.435	21.029	4.93195	3.02223	0.569874	radar	2.51995	11.5171	21.6724	12.5106	21.0465	-4.81358	0.653175
1477010450800000	12.1903	21.065	4.93786	3.04719	0.566191	lidar	0.121535	12.2062	21.11	12.2695	21.0761	-4.83219	0.530912
1477010450850000	11.951	21.085	4.93921	3.07809	0.573659	radar	0.982042	12.3859	21.1066	12.0276	21.0996	-4.84773	0.408778
1477010450900000	11.7159	21.0523	4.89066	3.12268	0.59077	lidar	1.96745	11.6814	20.8651	11.785	21.117	-4.86022	0.286869
1477010450950000	11.4683	21.0389	4.89323	3.15812	0.59774	radar	1.09269	11.5265	20.6748	11.5418	21.1283	-4.86971	0.165281
1477010451000000	11.2626	21.0283	4.81343	3.18923	0.600641	lidar	0.688012	11.363	21.0688	11.2982	21.1335	-4.87623	0.0441057
1477010451050000	11.0061	20.9905	4.84295	3.22823	0.610481	radar	4.17012	10.5558	20.5567	11.0544	21.1327	-4.87982	-0.076565
1477010451100000	10.8058	20.9491	4.75557	3.26627	0.620187	lidar	0.507453	10.8903	20.927	10.8105	21.1259	-4.88053	-0.196643
1477010451150000	10.5631	20.9443	4.6962	3.27627	0.581775	radar	5.4672	9.30535	21.3896	10.5666	21.1131	-4.8784	-0.31604
1477010451200000	10.2665	20.9779	4.83966	3.27576	0.547559	lidar	3.56334	10.189	21.209	10.3229	21.0943	-4.87349	-0.434674
1477010451250000	10.0305	20.958	4.82759	3.29627	0.538737	radar	1.01641	9.97958	21.2932	10.0795	21.0697	-4.86585	-0.552463
1477010451300000	9.85019	20.9152	4.7114	3.32872	0.547082	lidar	1.49989	9.99634	20.9797	9.83658	21.0391	-4.85554	-0.669327
1477010451350000	9.62937	20.9	4.60748	3.33444	0.508802	radar	2.13276	9.38223	21.111	9.59422	21.0028	-4.84262	-0.785189
1477010451400000	9.4438	20.8481	4.52756	3.36573	0.516642	lidar	0.601933	9.53921	20.8762	9.35258	20.9607	-4.82714	-0.899977
1477010451450000	9.23295	20.8022	4.52168	3.39124	0.518829	radar	1.39482	9.63392	20.9724	9.11177	20.9128	-4.80919	-1.01362
1477010451500000	8.91354	20.7794	4.72065	3.39154	0.487837	lidar	3.05844	8.70331	20.8221	8.87192	20.8594	-4.78881	-1.12605
1477010451550000	8.70736	20.6978	4.69048	3.42805	0.503403	radar	4.27413	9.84634	20.009	8.63315	20.8003	-4.76608	-1.2372
1477010451600000	8.41174	20.6193	4.83408	3.44721	0.494155	lidar	3.06272	8.22277	20.4839	8.39557	20.7358	-4.74108	-1.34701
1477010451650000	8.18346	20.5396	4.84456	3.47516	0.499588	radar	0.0643378	8.29647	20.4978	8.1593	20.6657	-4.71387	-1.45542
1477010451700000	7.93427	20.4608	4.88612	3.49572	0.494131	lidar	0.153384	7.88599	20.45	7.92445	20.5903	-4.68453	-1.56237
1477010451750000	7.71727	20.3755	4.91173	3.52648	0.508548	radar	3.37727	8.29081	20.6565	7.69111	20.5096	-4.65313	-1.66781
1477010451800000	7.3852	20.3204	5.10537	3.51936	0.470638	lidar	3.18314	7.18029	20.392	7.45939	20.4237	-4.61975	-1.7717
1477010451850000	7.14859	20.2262	5.08317	3.53937	0.463146	radar	0.262675	7.09214	20.1196	7.22939	20.3326	-4.58448	-1.87399
1477010451900000	6.87962	20.1424	5.14659	3.54992	0.448797	lidar	0.402757	6.81542	20.1859	7.00119	20.2364	-4.54738	-1.97462
1477010451950000	6.65268	20.0522	5.09908	3.56587	0.438121	radar	0.601573	6.89359	20.1536	6.7749	20.1352	-4.50854	-2.07357
1477010452000000	6.40701	19.9592	5.12133	3.58007	0.429731	lidar	0.191538	6.38914	20.0137	6.55059	20.0292	-4.46805	-2.17079
1477010452050000	6.19043	19.8664	5.08567	3.59797	0.426612	radar	2.99036	6.67637	20.2142	6.32834	19.9183	-4.42598	-2.26625
1477010452100000	5.92557	19.7718	5.14856	3.60505	0.410618	lidar	0.497417	5.86119	19.8306	6.10823	19.8027	-4.38241	-2.35993
1477010452150000	5.68322	19.6291	5.24547	3.63747	0.43156	radar	1.67018	5.28178	19.5036	5.89034	19.6824	-4.33744	-2.45178
1477010452200000	5.52834	19.5024	5.10558	3.67465	0.450599	lidar	1.9495	5.69089	19.5755	5.67472	19.5577	-4.29114	-2.5418
1477010452250000	5.3256	19.3542	5.09821	3.70705	0.463068	radar	1.8123	5.9506	18.9859	5.46145	19.4284	-4.24359	-2.62995
1477010452300000	5.12019	19.2511	5.06159	3.72059	0.453832	lidar	2.00861	5.17021	19.4397	5.25059	19.2948	-4.19488	-2.71622
1477010452350000	4.94074	19.1381	4.92863	3.73685	0.441018	radar	4.67544	5.87397	19.301	5.04219	19.157	-4.1451	-2.80059
1477010452400000	4.78975	18.9883	4.8437	3.77445	0.459406	lidar	0.697229	4.89149	18.982	4.8363	19.015	-4.09432	-2.88305
1477010452450000	4.57563	18.8382	4.93301	3.79729	0.463945	radar	1.58913	3.98679	19.0452	4.63297	18.8689	-4.04263	-2.96359
1477010452500000	4.40416	18.707	4.87879	3.81974	0.464444	lidar	1.08292	4.4685	18.834	4.43224	18.7188	-3.99012	-3.0422
1477010452550000	4.23346	18.5634	4.78402	3.84031	0.456378	radar	1.16134	4.69245	18.4634	4.23416	18.5648	-3.93685	-3.11888
1477010452600000	4.11851	18.4117	4.67088	3.8806	0.477996	lidar	1.57444	4.26269	18.481	4.03876	18.4071	-3.88293	-3.19362
1477010452650000	3.92044	18.2396	4.89015	3.90997	0.49774	radar	7.34178	3.42434	18.8357	3.84606	18.2457	-3.82841	-3.26644
1477010452700000	3.64878	18.0949	5.01965	3.89721	0.45345	lidar	2.74088	3.45919	18.167	3.65611	18.0807	-3.77339	-3.33732
1477010452750000	3.49577	17.9454	4.86608	3.91526	0.440915	radar	3.49679	4.3011	17.9267	3.46891	17.9122	-3.71795	-3.40627
1477010452800000	3.25894	17.7768	4.96353	3.91603	0.415403	lidar	1.20874	3.12525	17.7493	3.28449	17.7402	-3.66215	-3.47331
1477010452850000	3.0691	17.5935	5.07384	3.94002	0.426362	radar	2.17048	2.65664	17.888	3.10287	17.565	-3.60609	-3.53844
1477010452900000	2.89749	17.4748	5.00343	3.94451	0.40969	lidar	6.23757	2.9449	17.8154	2.92405	17.3866	-3.54982	-3.60167
1477010452950000	2.74333	17.2598	5.11507	3.98707	0.443882	radar	2.73053	3.26647	17.0897	2.74805	17.2051	-3.49344	-3.66302
1477010453000000	2.56793	17.0706	5.12299	4.00566	0.43979	lidar	0.0254278	2.55407	17.0853	2.57486	17.0205	-3.437	-3.72251
1477010453050000	2.41143	16.9063	4.94635	4.01421	0.414444	radar	2.31396	2.55039	16.8884	2.4045	16.833	-3.38059	-3.78014
1477010453100000	2.25088	16.7346	4.93041	4.02886	0.408221	lidar	0.517484	2.25371	16.8334	2.23695	16.6427	-3.32428	-3.83595
1477010453150000	2.07891	16.538	4.89106	4.04001	0.391408	radar	4.79851	1.57735	16.0489	2.07221	16.4497	-3.26812	-3.88995
1477010453200000	1.92136	16.3081	4.94408	4.06632	0.39756	lidar	2.21928	1.88972	16.1054	1.91027	16.254	-3.21219	-3.94216
1477010453250000	1.77427	16.132	4.85041	4.07702	0.382509	radar	0.818162	1.74362	16.2687	1.75112	16.0557	-3.15656	-3.99261
1477010453300000	1.56688	15.9637	4.90451	4.06591	0.348412	lidar	1.78846	1.44745	16.0853	1.59474	15.8549	-3.10129	-4.04132
1477010453350000	1.43022	15.7322	5.0419	4.10129	0.376888	radar	2.06244	1.6097	15.5526	1.44111	15.6517	-3.04644	-4.08832
1477010453400000	1.25442	15.5114	5.10179	4.11099	0.365665	lidar	0.679606	1.18395	15.4284	1.29021	15.4463	-2.99207	-4.13364
1477010453450000	1.09917	15.319	5.05675	4.11806	0.350302	radar	1.02022	0.828993	15.528	1.14201	15.2386	-2.93825	-4.1773
1477010453500000	0.881008	15.0964	5.17249	4.10894	0.318809	lidar	2.06528	0.722706	15.0075	0.996486	15.0288	-2.88503	-4.21933
1477010453550000	0.744391	14.9181	5.02828	4.11489	0.300893	radar	2.59379	1.03147	15.2134	0.853604	14.8169	-2.83246	-4.25977
1477010453600000	0.649458	14.7073	4.97385	4.14731	0.320897	lidar	0.519055	0.737301	14.7047	0.71333	14.603	-2.78061	-4.29864
1477010453650000	0.529588	14.4654	5.08725	4.17898	0.344614	radar	1.78575	0.722177	14.2445	0.575628	14.3872	-2.72952	-4.33598
1477010453700000	0.352302	14.2401	5.15567	4.17831	0.323654	lidar	0.724087	0.253435	14.2029	0.440459	14.1696	-2.67925	-4.37181
1477010453750000	0.213781	13.9859	5.33404	4.20413	0.343557	radar	2.36671	-0.0328023	13.9604	0.307779	13.9502	-2.62984	-4.40617
1477010453800000	0.212731	13.7399	5.20012	4.2725	0.402588	lidar	4.24888	0.459172	13.6856	0.177545	13.7292	-2.58135	-4.43909
1477010453850000	0.100415	13.4962	5.27567	4.2949	0.408667	radar	0.647588	0.0524412	13.6377	0.0497099	13.5065	-2.53381	-4.47061
1477010453900000	-0.0671769	13.2598	5.33577	4.2895	0.378595	lidar	1.05504	-0.190344	13.2856	-0.0757753	13.2823	-2.48728	-4.50075
1477010453950000	-0.182887	13.0442	5.20381	4.29588	0.358131	radar	1.40905	-0.275043	13.1456	-0.198962	13.0566	-2.44179	-4.52955
1477010454000000	-0.174103	12.8252	5.06207	4.35553	0.407903	lidar	3.8344	0.0462308	12.9301	-0.319903	12.8295	-2.39739	-4.55704
1477010454050000	-0.285424	12.6009	4.96108	4.36019	0.384208	radar	3.06731	-0.684792	12.3563	-0.438654	12.6011	-2.35412	-4.58326
1477010454100000	-0.404479	12.3667	4.99499	4.36486	0.367075	lidar	0.345171	-0.476482	12.3633	-0.555273	12.3714	-2.31202	-4.60823
1477010454150000	-0.519059	12.1591	4.93151	4.36428	0.342884	radar	3.5272	-0.972122	12.5207	-0.669818	12.1404	-2.27111	-4.63198
1477010454200000	-0.594626	11.9446	4.8997	4.38184	0.344015	lidar	0.475967	-0.582624	12.0386	-0.78235	11.9083	-2.23144	-4.65456
1477010454250000	-0.714075	11.7154	4.90628	4.37986	0.320142	radar	2.76768	-1.26757	11.6495	-0.892931	11.6751	-2.19304	-4.67598
1477010454300000	-0.915443	11.4672	5.03195	4.34506	0.260086	lidar	4.58907	-1.17212	11.3988	-1.00163	11.4409	-2.15594	-4.69628
1477010454350000	-1.00588	11.245	4.90501	4.35014	0.243502	radar	2.44391	-0.891441	10.959	-1.1085	11.2057	-2.12017	-4.71549
1477010454400000	-1.18742	11.0163	4.98725	4.32089	0.195432	lidar	2.78375	-1.39289	11.0424	-1.21362	10.9695	-2.08575	-4.73364
1477010454450000	-1.27161	10.7691	5.09886	4.34265	0.216332	radar	1.34253	-1.29894	10.9012	-1.31706	10.7324	-2.05273	-4.75075
1477010454500000	-1.40697	10.5114	5.17044	4.33674	0.196467	lidar	0.990615	-1.49687	10.4198	-1.41889	10.4945	-2.02111	-4.76686
1477010454550000	-1.50296	10.2464	5.26948	4.3521	0.206926	radar	1.16005	-1.59293	10.0212	-1.51917	10.2559	-1.99093	-4.78198
1477010454600000	-1.59725	10.0373	5.21395	4.35715	0.201924	lidar	2.13569	-1.61875	10.2374	-1.61797	10.0165	-1.96221	-4.79615
1477010454650000	-1.6822	9.81026	5.14018	4.36467	0.196059	radar	0.609594	-1.59702	9.96554	-1.71539	9.77637	-1.93498	-4.80939
1477010454700000	-1.75402	9.59288	5.08823	4.37807	0.200906	lidar	0.807833	-1.73381	9.71347	-1.81147	9.53564	-1.90924	-4.82172
1477010454750000	-1.87248	9.33691	5.20418	4.37778	0.19301	radar	2.51647	-2.27191	9.37316	-1.90631	9.29431	-1.88502	-4.83316
1477010454800000	-1.96056	9.03937	5.28889	4.39114	0.19579	lidar	3.85497	-1.93833	8.77028	-1.99998	9.05243	-1.86233	-4.84374
1477010454850000	-2.04024	8.82096	5.16152	4.39407	0.182421	radar	2.00996	-1.96565	9.13274	-2.09256	8.81003	-1.8412	-4.85347
1477010454900000	-2.13836	8.56822	5.19102	4.39622	0.174168	lidar	0.138908	-2.1768	8.5411	-2.18412	8.56717	-1.82164	-4.86238
1477010454950000	-2.27142	8.31053	5.24959	4.38281	0.147338	radar	2.78947	-2.65862	8.19477	-2.27474	8.32388	-1.80365	-4.87047
1477010455000000	-2.31177	8.08245	5.1751	4.40664	0.166914	lidar	0.853085	-2.21875	8.15339	-2.3645	8.0802	-1.78726	-4.87778
1477010455050000	-2.36529	7.87584	5.06578	4.41972	0.171558	radar	5.45072	-2.273	8.52315	-2.45348	7.83617	-1.77248	-4.8843
1477010455100000	-2.48427	7.62176	5.12973	4.40972	0.149794	lidar	0.821756	-2.59674	7.60288	-2.54177	7.59184	-1.75931	-4.89006
1477010455150000	-2.64206	7.38713	5.08437	4.37354	0.0883639	radar	5.66012	-3.08256	7.38874	-2.62944	7.34723	-1.74777	-4.89507
1477010455200000	-2.74982	7.13003	5.13668	4.36954	0.0781559	lidar	0.402377	-2.79865	7.064	-2.71658	7.10238	-1.73786	-4.89933
1477010455250000	-2.80912	6.8982	5.13704	4.38809	0.101082	radar	1.63049	-2.79412	7.20818	-2.80326	6.85734	-1.72958	-4.90286
1477010455300000	-2.8425	6.69922	5.01116	4.40922	0.120607	lidar	2.22457	-2.74651	6.86867	-2.88957	6.61214	-1.72295	-4.90566
1477010455350000	-2.89157	6.48733	4.85054	4.41551	0.111049	radar	3.39262	-2.57673	6.36755	-2.97559	6.36681	-1.71797	-4.90774
1477010455400000	-2.94805	6.25376	4.83871	4.42695	0.117692	lidar	0.149246	-2.90217	6.22989	-3.0614	6.12139	-1.71464	-4.90911
1477010455450000	-3.07206	6.00136	4.95313	4.41264	0.0963837	radar	4.03574	-3.50172	6.10796	-3.14709	5.87592	-1.71297	-4.90976
1477010455500000	-3.16428	5.72019	5.0522	4.41263	0.0894855	lidar	1.98607	-3.1778	5.53101	-3.23274	5.63043	-1.71295	-4.9097
1477010455550000	-3.27301	5.47339	5.02237	4.39382	0.0504343	radar	2.41303	-3.19736	5.19093	-3.31843	5.38496	-1.71458	-4.90893
1477010455600000	-3.3762	5.20674	5.10106	4.38828	0.0405512	lidar	0.777044	-3.43031	5.10507	-3.40424	5.13955	-1.71787	-4.90745
1477010455650000	-3.44504	4.96122	5.11877	4.39926	0.0553922	radar	0.178385	-3.4281	4.94644	-3.49026	4.89422	-1.72281	-4.90525
1477010455700000	-3.57037	4.67176	5.26019	4.38692	0.0376616	lidar	2.24482	-3.69435	4.52196	-3.57657	4.64902	-1.72939	-4.90233
1477010455750000	-3.68167	4.4169	5.24486	4.36766	-0.00060457	radar	2.2674	-3.50501	4.17643	-3.66325	4.40398	-1.73763	-4.89868
1477010455800000	-3.82352	4.13536	5.37893	4.35025	-0.0197847	lidar	2.32999	-4.00238	4.04684	-3.75039	4.15913	-1.74749	-4.8943
1477010455850000	-3.90101	3.89727	5.35532	4.36153	0.00300369	radar	1.2682	-4.06447	4.10977	-3.83806	3.91452	-1.75899	-4.88918
1477010455900000	-3.96761	3.67213	5.26917	4.36836	0.00989651	lidar	0.809981	-3.88053	3.75177	-3.92635	3.67019	-1.77212	-4.8833
1477010455950000	-4.0619	3.476	5.14062	4.35382	-0.0179133	radar	4.22416	-4.23729	3.88878	-4.01533	3.42616	-1.78686	-4.87666
1477010456000000	-4.15261	3.23223	5.14808	4.35313	-0.0176829	lidar	0.00890291	-4.15119	3.21968	-4.10509	3.18248	-1.8032	-4.86925
1477010456050000	-4.27223	2.9719	5.21178	4.33742	-0.0433174	radar	0.851933	-4.27467	2.88187	-4.19571	2.93919	-1.82113	-4.86104
1477010456100000	-4.36556	2.69238	5.29007	4.34023	-0.0377021	lidar	1.21146	-4.32451	2.55034	-4.28727	2.69633	-1.84065	-4.85202
1477010456150000	-4.45142	2.4442	5.28381	4.34514	-0.0260314	radar	0.166839	-4.38481	2.39989	-4.37985	2.45393	-1.86173	-4.84218
1477010456200000	-4.55921	2.17354	5.35467	4.34301	-0.0258122	lidar	0.539276	-4.61223	2.09192	-4.47352	2.21205	-1.88436	-4.83149
1477010456250000	-4.66782	1.94285	5.32952	4.32032	-0.0717935	radar	4.18862	-4.29257	1.92854	-4.56836	1.97072	-1.90853	-4.81994
1477010456300000	-4.78742	1.66025	5.43486	4.31704	-0.0691244	lidar	1.26185	-4.86829	1.53442	-4.66444	1.72998	-1.93422	-4.80751
1477010456350000	-4.91163	1.40674	5.47496	4.30187	-0.0906625	radar	0.45733	-4.98165	1.43611	-4.76186	1.48989	-1.9614	-4.79417
1477010456400000	-4.96587	1.18581	5.34219	4.30794	-0.0838876	lidar	5.26674	-4.66779	1.28643	-4.86066	1.25049	-1.99007	-4.7799
1477010456450000	-5.05778	0.980035	5.22845	4.30324	-0.0834425	radar	1.1874	-4.98594	1.10894	-4.96095	1.01182	-2.02019	-4.76468
1477010456500000	-5.11485	0.758229	5.13649	4.30873	-0.076754	lidar	3.80294	-4.85498	0.825661	-5.06277	0.77393	-2.05174	-4.74848
1477010456550000	-5.21395	0.448254	5.32294	4.3155	-0.0670194	radar	5.30983	-4.84736	0.18101	-5.16621	0.536876	-2.08471	-4.73127
1477010456600000	-5.28727	0.213354	5.26948	4.31828	-0.0625167	lidar	1.5214	-5.1231	0.257311	-5.27133	0.300706	-2.11906	-4.71303
1477010456650000	-5.39565	-0.146445	5.47064	4.34438	-0.0115472	radar	5.83474	-5.99809	-0.290765	-5.3782	0.0654719	-2.15477	-4.69374
1477010456700000	-5.46633	-0.4025	5.44259	4.35101	-0.00580108	lidar	3.02817	-5.29972	-0.212982	-5.4869	-0.168772	-2.1918	-4.67335
1477010456750000	-5.57843	-0.648017	5.39386	4.34547	-0.0102064	radar	9.22075	-5.64447	-0.144522	-5.59748	-0.401971	-2.23014	-4.65185
1477010456800000	-5.70893	-0.881221	5.30999	4.33445	-0.0186537	lidar	9.93046	-5.85359	-0.445801	-5.71001	-0.634069	-2.26974	-4.62919
1477010456850000	-5.81542	-1.13059	5.37532	4.33092	-0.0237257	radar	8.89957	-5.30947	-0.724468	-5.82456	-0.865006	-2.31058	-4.60536
1477010456900000	-5.91067	-1.37144	5.33282	4.3299	-0.0239557	lidar	0.562117	-5.87835	-1.26863	-5.94118	-1.09472	-2.35262	-4.58032
1477010456950000	-5.99872	-1.6197	5.33386	4.33126	-0.022735	radar	1.27952	-5.68069	-1.52871	-6.05993	-1.32316	-2.39581	-4.55404
1477010457000000	-6.12808	-1.82305	5.20536	4.31822	-0.0349406	lidar	6.10965	-6.27263	-1.50938	-6.18087	-1.55025	-2.44014	-4.52648
1477010457050000	-6.259	-2.08857	5.41474	4.30797	-0.0562614	radar	7.43276	-6.11355	-1.75966	-6.30406	-1.77593	-2.48555	-4.49762
1477010457100000	-6.36305	-2.30759	5.33172	4.30188	-0.0619172	lidar	1.54734	-6.34007	-2.13685	-6.42954	-2.00014	-2.532	-4.46742
1477010457150000	-6.50517	-2.51981	5.28896	4.28526	-0.0805629	radar	7.09743	-6.99344	-2.17445	-6.55738	-2.22281	-2.57946	-4.43585
1477010457200000	-6.6459	-2.70569	5.1813	4.26542	-0.103046	lidar	4.79304	-6.79288	-2.4458	-6.68761	-2.44386	-2.62788	-4.40288
1477010457250000	-6.79331	-2.93023	5.24714	4.24654	-0.12742	radar	4.27131	-7.14408	-2.67584	-6.82029	-2.66323	-2.6772	-4.36847
1477010457300000	-6.89474	-3.15398	5.21524	4.24262	-0.1257	lidar	0.617448	-6.8003	-3.10086	-6.95546	-2.88084	-2.7274	-4.3326
1477010457350000	-7.02299	-3.3715	5.19539	4.23063	-0.134584	radar	0.711047	-7.13937	-3.22028	-7.09316	-3.09663	-2.7784	-4.29523
1477010457400000	-7.14676	-3.53547	5.07267	4.20868	-0.160647	lidar	4.08538	-7.12118	-3.26434	-7.23344	-3.3105	-2.83017	-4.25632
1477010457450000	-7.29563	-3.78078	5.16932	4.19662	-0.166579	radar	3.98806	-7.77186	-4.08999	-7.37632	-3.5224	-2.88265	-4.21586
1477010457500000	-7.44932	-3.89595	4.99287	4.15357	-0.221375	lidar	9.37846	-7.49009	-3.49081	-7.52184	-3.73223	-2.93579	-4.1738
1477010457550000	-7.59496	-4.1034	5.0648	4.13439	-0.236865	radar	1.32399	-7.52393	-3.88213	-7.67004	-3.93992	-2.98953	-4.13012
1477010457600000	-7.76072	-4.30561	5.06913	4.11168	-0.25143	lidar	0.783718	-7.88049	-4.29783	-7.82094	-4.14538	-3.04381	-4.08479
1477010457650000	-7.91575	-4.51772	5.09905	4.09613	-0.255772	radar	0.409883	-8.08524	-4.57834	-7.97457	-4.34854	-3.09857	-4.03778
1477010457700000	-8.09039	-4.7343	5.1349	4.07754	-0.262282	lidar	1.16939	-8.22492	-4.79812	-8.13095	-4.5493	-3.15376	-3.98906
1477010457750000	-8.23646	-4.92002	4.98577	4.06498	-0.257288	radar	1.94294	-8.453	-4.95621	-8.2901	-4.74759	-3.2093	-3.93862
1477010457800000	-8.37849	-5.11772	4.97791	4.05519	-0.253549	lidar	0.1061	-8.33552	-5.1059	-8.45204	-4.94331	-3.26514	-3.88641
1477010457850000	-8.53148	-5.26732	4.84104	4.0303	-0.268132	radar	3.29054	-8.55062	-4.79248	-8.61678	-5.13637	-3.32121	-3.83242
1477010457900000	-8.72614	-5.45601	4.88042	4.0039	-0.283389	lidar	2.09952	-8.91477	-5.51752	-8.78433	-5.32669	-3.37745	-3.77663
1477010457950000	-8.89355	-5.64148	4.89164	3.98763	-0.285856	radar	0.282749	-9.04115	-5.69364	-8.95469	-5.51417	-3.43377	-3.71901
1477010458000000	-9.05348	-5.81957	4.88344	3.9732	-0.28621	lidar	0.0353162	-9.03391	-5.80267	-9.12788	-5.69872	-3.49012	-3.65955
1477010458050000	-9.20008	-5.95777	4.74672	3.95296	-0.293142	radar	5.03386	-8.86897	-5.41973	-9.30388	-5.88026	-3.54643	-3.59823
1477010458100000	-9.3735	-6.05495	4.65814	3.91113	-0.327706	lidar	3.29724	-9.30811	-5.82368	-9.4827	-6.05868	-3.60261	-3.53503
1477010458150000	-9.55799	-6.22916	4.72786	3.89373	-0.329019	radar	1.2486	-9.80646	-6.41174	-9.66432	-6.23389	-3.6586	-3.46994
1477010458200000	-9.69842	-6.43982	4.75571	3.90507	-0.295462	lidar	1.25165	-9.62547	-6.55958	-9.84874	-6.4058	-3.71431	-3.40295
1477010458250000	-9.92777	-6.59688	4.91089	3.86914	-0.321864	radar	6.88419	-10.6688	-6.35543	-10.0359	-6.57431	-3.76969	-3.33404
1477010458300000	-10.1299	-6.77004	4.94452	3.85154	-0.323033	lidar	0.687943	-10.2246	-6.83402	-10.2259	-6.73933	-3.82463	-3.26321
1477010458350000	-10.3216	-6.92425	4.98197	3.83232	-0.327344	radar	0.73485	-10.2205	-6.71044	-10.4186	-6.90075	-3.87907	-3.19046
1477010458400000	-10.5503	-7.11811	5.06578	3.81824	-0.323274	lidar	3.94322	-10.7616	-7.29159	-10.614	-7.05849	-3.93293	-3.11577
1477010458450000	-10.7606	-7.25303	5.06717	3.79065	-0.337048	radar	1.43997	-10.8944	-6.83335	-10.8121	-7.21245	-3.98613	-3.03916
1477010458500000	-11.0049	-7.42847	5.14378	3.7704	-0.339846	lidar	3.53286	-11.2219	-7.56979	-11.0128	-7.36252	-4.03859	-2.96062
1477010458550000	-11.1957	-7.56043	5.04399	3.75216	-0.341518	radar	1.30524	-10.986	-7.3707	-11.2161	-7.50862	-4.09021	-2.88015
1477010458600000	-11.3396	-7.72112	4.9816	3.7595	-0.313809	lidar	3.43861	-11.0934	-7.6776	-11.422	-7.65064	-4.14093	-2.79777
1477010458650000	-11.5369	-7.84241	4.93341	3.73776	-0.321184	radar	1.5416	-11.4213	-7.46085	-11.6304	-7.78849	-4.19066	-2.71349
1477010458700000	-11.7089	-7.95343	4.86582	3.72115	-0.322639	lidar	2.66279	-11.5269	-7.8215	-11.8413	-7.92208	-4.23932	-2.6273
1477010458750000	-11.9005	-8.06259	4.73275	3.69951	-0.329449	radar	1.14496	-11.9422	-7.88317	-12.0546	-8.05131	-4.28682	-2.53924
1477010458800000	-12.1073	-8.16032	4.71629	3.67193	-0.34253	lidar	0.322117	-12.09	-8.08828	-12.2702	-8.17609	-4.33309	-2.44932
1477010458850000	-12.3411	-8.28817	4.92117	3.65284	-0.343539	radar	2.86054	-12.4462	-8.02117	-12.4881	-8.29633	-4.37802	-2.35756
1477010458900000	-12.5401	-8.37704	4.87347	3.62846	-0.352355	lidar	1.45638	-12.4231	-8.2599	-12.7082	-8.41193	-4.42156	-2.26399
1477010458950000	-12.7415	-8.4632	4.73718	3.6029	-0.362941	radar	1.44191	-12.7461	-8.19449	-12.9304	-8.5228	-4.4636	-2.16863
1477010459000000	-13.0186	-8.56137	4.82527	3.56691	-0.382848	lidar	4.37799	-13.2911	-8.64594	-13.1547	-8.62886	-4.50407	-2.07151
1477010459050000	-13.272	-8.66216	4.94441	3.5428	-0.387066	radar	2.71997	-13.7929	-8.47158	-13.381	-8.73002	-4.54289	-1.97267
1477010459100000	-13.4905	-8.71534	4.90174	3.50915	-0.403991	lidar	1.66869	-13.384	-8.57583	-13.6092	-8.82619	-4.57997	-1.87214
1477010459150000	-13.6973	-8.76115	4.71906	3.47414	-0.424495	radar	3.51327	-13.6376	-8.26344	-13.8392	-8.91729	-4.61524	-1.76997
1477010459200000	-13.9238	-8.87371	4.74606	3.46803	-0.406829	lidar	1.07068	-13.9959	-8.99264	-14.0709	-9.00324	-4.64861	-1.6662
1477010459250000	-14.1837	-8.96275	4.94918	3.45126	-0.398736	radar	2.78198	-14.4737	-8.79552	-14.3043	-9.08395	-4.68001	-1.56086
1477010459300000	-14.4089	-9.07825	4.95391	3.45142	-0.37556	lidar	0.743769	-14.4273	-9.1875	-14.5391	-9.15936	-4.70936	-1.45402
1477010459350000	-14.6353	-9.15085	4.88951	3.43282	-0.376753	radar	0.389825	-14.5757	-9.32634	-14.7754	-9.22939	-4.73658	-1.34573
1477010459400000	-14.924	-9.15232	4.9467	3.37566	-0.420491	lidar	2.02084	-15.062	-9.04396	-15.013	-9.29397	-4.76161	-1.23603
1477010459450000	-15.1846	-9.22536	4.98378	3.35885	-0.415559	radar	4.48045	-15.6189	-9.69365	-15.2517	-9.35302	-4.78436	-1.125
1477010459500000	-15.4535	-9.34182	5.04846	3.36171	-0.388231	lidar	5.21214	-15.6682	-9.56749	-15.4916	-9.40649	-4.80476	-1.01269
1477010459550000	-15.6891	-9.37699	4.90353	3.33177	-0.405003	radar	2.13457	-15.9382	-9.35751	-15.7324	-9.45431	-4.82275	-0.899159
1477010459600000	-15.9473	-9.4604	4.94345	3.32586	-0.388527	lidar	2.05199	-16.0862	-9.59819	-15.9741	-9.49642	-4.83827	-0.784484
1477010459650000	-16.1936	-9.4762	4.88369	3.29186	-0.407644	radar	2.20819	-16.6033	-8.85459	-16.2164	-9.53277	-4.85124	-0.668734
1477010459700000	-16.4439	-9.46932	4.89012	3.25262	-0.429094	lidar	0.626616	-16.4229	-9.37029	-16.4594	-9.5633	-4.8616	-0.55198
1477010459750000	-16.6529	-9.47851	4.78865	3.22701	-0.436011	radar	4.9564	-16.011	-9.33486	-16.7027	-9.58797	-4.8693	-0.434301
1477010459800000	-16.9412	-9.45871	4.86947	3.18276	-0.461362	lidar	1.77843	-17.1132	-9.43043	-16.9464	-9.60673	-4.87427	-0.315773
1477010459850000	-17.1955	-9.51698	4.95371	3.18452	-0.429363	radar	7.76335	-16.9255	-10.8571	-17.1903	-9.61954	-4.87646	-0.196479
1477010459900000	-17.459	-9.53177	4.9823	3.16439	-0.427844	lidar	0.485289	-17.5448	-9.57485	-17.4342	-9.62636	-4.87583	-0.0765024
1477010459950000	-17.7139	-9.52551	4.94068	3.13528	-0.43986	radar	1.70958	-18.1371	-9.39146	-17.6781	-9.62717	-4.87232	0.0440703
1477010460000000	-17.9706	-9.49019	4.96052	3.09895	-0.456054	lidar	0.293842	-17.9724	-9.42299	-17.9216	-9.62194	-4.86588	0.165151
1477010460050000	-18.2094	-9.45997	4.8918	3.06576	-0.4718	radar	0.659973	-18.3083	-9.18778	-18.1648	-9.61064	-4.85648	0.286648
1477010460100000	-18.4051	-9.50465	4.79609	3.07431	-0.435549	lidar	1.81316	-18.2763	-9.60997	-18.4074	-9.59325	-4.84408	0.40847
1477010460150000	-18.641	-9.49405	4.85011	3.06029	-0.422548	radar	1.74474	-18.2443	-9.58547	-18.6493	-9.56977	-4.82864	0.530522
1477010460200000	-18.8928	-9.4797	4.86698	3.04213	-0.419244	lidar	0.267825	-18.9545	-9.51544	-18.8904	-9.54017	-4.81012	0.652707
1477010460250000	-19.1222	-9.44333	4.88669	3.02018	-0.417372	radar	3.90652	-18.6983	-9.02886	-19.1305	-9.50447	-4.78851	0.774927
1477010460300000	-19.3745	-9.31872	4.93428	2.95857	-0.463206	lidar	3.27787	-19.2983	-9.09865	-19.3694	-9.46265	-4.76378	0.897083
1477010460350000	-19.6042	-9.24858	4.86025	2.92085	-0.485234	radar	1.18935	-19.7037	-8.79906	-19.6069	-9.41472	-4.73591	1.01907
1477010460400000	-19.8628	-9.11851	4.93225	2.86416	-0.52163	lidar	1.58004	-19.8731	-8.96417	-19.8431	-9.36071	-4.70487	1.1408
1477010460450000	-20.1017	-9.01643	4.95742	2.82481	-0.536126	radar	5.0293	-20.3815	-7.6755	-20.0775	-9.30061	-4.67066	1.26215
1477010460500000	-20.2577	-9.15663	4.69058	2.89167	-0.431686	lidar	13.6752	-20.1607	-9.59663	-20.3102	-9.23446	-4.63328	1.38303
1477010460550000	-20.497	-9.11638	4.73934	2.88216	-0.414846	radar	1.6194	-20.4587	-9.7448	-20.5409	-9.16227	-4.59271	1.50334
1477010460600000	-20.7222	-9.0139	4.75875	2.84458	-0.433586	lidar	0.786	-20.6596	-8.91527	-20.7696	-9.08409	-4.54895	1.62296
1477010460650000	-20.9652	-8.93435	4.77708	2.81886	-0.439912	radar	2.5597	-21.5568	-8.5005	-20.9959	-8.99994	-4.50202	1.74179
1477010460700000	-21.1595	-8.86558	4.7167	2.79976	-0.436358	lidar	1.06717	-21.0195	-8.85081	-21.2198	-8.90987	-4.45191	1.85972
1477010460750000	-21.3924	-8.78136	4.71501	2.77505	-0.442416	radar	1.97599	-21.8628	-8.64129	-21.4412	-8.81393	-4.39865	1.97666
1477010460800000	-21.5801	-8.75793	4.61327	2.77821	-0.413921	lidar	1.27177	-21.5029	-8.87191	-21.6597	-8.71217	-4.34224	2.0925
1477010460850000	-21.7647	-8.63299	4.48018	2.72758	-0.459375	radar	6.09829	-21.9514	-7.41274	-21.8754	-8.60465	-4.2827	2.20712
1477010460900000	-21.9684	-8.54944	4.47285	2.70845	-0.455115	lidar	0.0344072	-21.9793	-8.57089	-22.0881	-8.49143	-4.22007	2.32043
1477010460950000	-22.1788	-8.44473	4.54956	2.6886	-0.445333	radar	2.19769	-22.1914	-7.70392	-22.2975	-8.37258	-4.15437	2.43232
1477010461000000	-22.4172	-8.33395	4.61683	2.66572	-0.4465	lidar	1.5047	-22.5838	-8.35296	-22.5035	-8.24817	-4.08564	2.5427
1477010461050000	-22.6048	-8.22669	4.56172	2.63896	-0.454904	radar	0.774637	-22.3177	-8.57758	-22.7061	-8.11829	-4.01391	2.65145
1477010461100000	-22.8609	-7.96171	4.80868	2.55885	-0.518917	lidar	6.70205	-22.9861	-7.6724	-22.9049	-7.98301	-3.93923	2.75848
1477010461150000	-23.0488	-7.81848	4.71597	2.51555	-0.55267	radar	3.61079	-23.2693	-8.32031	-23.1	-7.84243	-3.86163	2.8637
1477010461200000	-23.2855	-7.62822	4.84896	2.47441	-0.567826	lidar	2.36204	-23.4777	-7.56583	-23.2911	-7.69663	-3.78118	2.967
1477010461250000	-23.4877	-7.48184	4.92205	2.46052	-0.540377	radar	1.6147	-23.473	-7.02103	-23.4781	-7.54572	-3.69792	3.06828
1477010461300000	-23.6511	-7.34321	4.85868	2.43678	-0.536682	lidar	0.693567	-23.5408	-7.36069	-23.6609	-7.3898	-3.61191	3.16746
1477010461350000	-23.8444	-7.17737	4.9016	2.41263	-0.530065	radar	0.866324	-24.0505	-6.56968	-23.8393	-7.22897	-3.52321	3.26445
1477010461400000	-23.9976	-7.09871	4.74154	2.4128	-0.501315	lidar	2.03851	-23.9384	-7.26171	-24.0132	-7.06336	-3.43189	3.35916
1477010461450000	-24.1658	-6.91743	4.73888	2.37524	-0.519417	radar	1.99986	-24.3577	-5.94086	-24.1825	-6.89307	-3.33801	3.45149
1477010461500000	-24.3358	-6.64925	4.88774	2.31431	-0.55705	lidar	3.27046	-24.2574	-6.4352	-24.347	-6.71823	-3.24166	3.54138
1477010461550000	-24.5025	-6.47359	4.85142	2.28271	-0.56976	radar	3.52113	-24.788	-7.18367	-24.5066	-6.53896	-3.14289	3.62873
1477010461600000	-24.5916	-6.35347	4.65898	2.2618	-0.56106	lidar	5.18255	-24.3008	-6.43799	-24.6612	-6.35538	-3.0418	3.71347
1477010461650000	-24.7315	-6.16838	4.6579	2.23155	-0.563087	radar	0.308321	-24.6108	-6.00878	-24.8107	-6.16764	-2.93846	3.79553
1477010461700000	-24.9197	-5.95001	4.77363	2.20435	-0.562516	lidar	2.84649	-25.146	-5.91902	-24.955	-5.97587	-2.83295	3.87484
1477010461750000	-25.0511	-5.74385	4.79213	2.1728	-0.563744	radar	1.859	-24.8975	-5.02285	-25.094	-5.7802	-2.72537	3.95132
1477010461800000	-25.1816	-5.57744	4.73358	2.15365	-0.554101	lidar	0.29805	-25.1941	-5.64372	-25.2276	-5.58079	-2.61581	4.02492
1477010461850000	-25.3355	-5.38858	4.78101	2.14472	-0.52245	radar	1.31421	-25.5328	-5.4399	-25.3556	-5.37777	-2.50435	4.09557
1477010461900000	-25.4832	-5.15408	4.862	2.11529	-0.526202	lidar	0.618876	-25.5713	-5.10241	-25.4779	-5.1713	-2.39109	4.16322
1477010461950000	-25.6134	-4.97784	4.84816	2.11072	-0.488439	radar	6.37756	-25.0178	-6.55904	-25.5946	-4.96152	-2.27613	4.22781
1477010462000000	-25.7243	-4.81431	4.75289	2.09503	-0.47894	lidar	0.552372	-25.6952	-4.89995	-25.7055	-4.7486	-2.15956	4.2893
1477010462050000	-25.846	-4.60606	4.77406	2.07592	-0.468971	radar	0.233356	-25.8162	-4.40681	-25.8105	-4.53268	-2.04149	4.34764
1477010462100000	-25.9615	-4.35214	4.85805	2.04266	-0.479654	lidar	0.494833	-25.9516	-4.26659	-25.9096	-4.31392	-1.92202	4.40279
1477010462150000	-26.071	-4.13161	4.81241	2.00139	-0.521449	radar	11.0718	-26.8953	-4.43966	-26.0027	-4.0925	-1.80125	4.45471
1477010462200000	-26.1667	-3.83304	4.96085	1.95714	-0.541103	lidar	1.72489	-26.1198	-3.67723	-26.0897	-3.86856	-1.67928	4.50337
1477010462250000	-26.2409	-3.59417	4.92666	1.90798	-0.586055	radar	3.56788	-26.5652	-3.85723	-26.1706	-3.64227	-1.55623	4.54875
1477010462300000	-26.2699	-3.32905	4.94791	1.85772	-0.607585	lidar	4.3045	-25.9974	-3.24722	-26.2453	-3.41381	-1.4322	4.59081
1477010462350000	-26.3197	-3.08196	4.94206	1.8128	-0.633752	radar	0.551419	-26.2976	-3.01078	-26.3138	-3.18332	-1.30729	4.62954
1477010462400000	-26.3423	-2.85769	4.88513	1.77376	-0.64129	lidar	1.53622	-26.1741	-2.87885	-26.376	-2.95098	-1.18162	4.66493
1477010462450000	-26.3992	-2.63344	4.86259	1.75074	-0.627846	radar	1.4181	-26.4681	-3.44967	-26.4319	-2.71697	-1.05529	4.69696
1477010462500000	-26.4709	-2.50717	4.64487	1.74519	-0.602486	lidar	5.669	-26.674	-2.73852	-26.4815	-2.48143	-0.928411	4.72562
1477010462550000	-26.5255	-2.27433	4.66822	1.72717	-0.580383	radar	1.01969	-26.657	-1.72382	-26.5247	-2.24456	-0.80109	4.75091
1477010462600000	-26.5741	-2.0862	4.58562	1.70824	-0.570437	lidar	0.970874	-26.6691	-2.17333	-26.5616	-2.0065	-0.673434	4.77284
1477010462650000	-26.6046	-1.85364	4.60249	1.68775	-0.551011	radar	2.04917	-26.3248	-1.32261	-26.5921	-1.76744	-0.545553	4.79141
1477010462700000	-26.6039	-1.59488	4.65604	1.64908	-0.56221	lidar	1.23874	-26.4671	-1.53207	-26.6161	-1.52753	-0.417552	4.80664
1477010462750000	-26.6011	-1.3716	4.62903	1.60801	-0.586396	radar	1.62159	-26.4998	-2.19526	-26.6338	-1.28695	-0.289538	4.81852
1477010462800000	-26.6053	-1.14122	4.62678	1.57839	-0.586718	lidar	0.00177638	-26.5998	-1.14277	-26.6451	-1.04586	-0.161616	4.8271
1477010462850000	-26.634	-0.922891	4.60594	1.56277	-0.569609	radar	5.09294	-27.2008	-1.67679	-26.65	-0.804425	-0.0338883	4.83238
1477010462900000	-26.646	-0.658918	4.6836	1.53895	-0.56447	lidar	0.698911	-26.7355	-0.59539	-26.6485	-0.562811	0.0935412	4.83439
1477010462950000	-26.6338	-0.41563	4.71009	1.50159	-0.585711	radar	2.30351	-26.9891	0.0351487	-26.6406	-0.321181	0.220572	4.83317
1477010463000000	-26.5896	-0.0986518	4.8869	1.46193	-0.595255	lidar	2.65169	-26.4553	0.0602653	-26.6264	-0.0796947	0.347104	4.82874
1477010463050000	-26.5672	0.312952	5.2256	1.42991	-0.600125	radar	2.75796	-26.9537	0.136943	-26.6059	0.161489	0.473041	4.82116
1477010463100000	-26.5414	0.573331	5.23047	1.40453	-0.596262	lidar	0.32785	-26.6201	0.57588	-26.5792	0.402213	0.598287	4.81045
1477010463150000	-26.5267	0.833689	5.2123	1.38458	-0.587858	radar	2.36912	-26.8241	0.381506	-26.5462	0.642323	0.722748	4.79667
1477010463200000	-26.5132	1.09367	5.2081	1.36641	-0.579161	lidar	2.48646	-26.7293	1.06082	-26.5069	0.881666	0.846334	4.77986
1477010463250000	-26.4736	1.34792	5.17592	1.34264	-0.570637	radar	7.90863	-25.9562	2.60409	-26.4616	1.12009	0.968955	4.76007
1477010463300000	-26.4063	1.57675	5.08475	1.31175	-0.572531	lidar	1.22063	-26.3986	1.42212	-26.4101	1.35745	1.09053	4.73737
1477010463350000	-26.3642	1.80191	4.97462	1.29026	-0.560046	radar	10.855	-26.5072	-0.563928	-26.3526	1.59361	1.21096	4.71181
1477010463400000	-26.3009	1.9898	4.8015	1.26166	-0.561158	lidar	2.33207	-26.3594	1.79315	-26.2891	1.82841	1.33018	4.68345
1477010463450000	-26.2352	2.21125	4.7681	1.2367	-0.555186	radar	0.509943	-26.3475	1.82827	-26.2197	2.06173	1.44811	4.65235
1477010463500000	-26.1708	2.36752	4.56969	1.20836	-0.55712	lidar	2.3741	-26.2502	2.18481	-26.1444	2.29342	1.56467	4.61859
1477010463550000	-26.1072	2.56489	4.48171	1.18939	-0.533854	radar	2.17226	-26.069	2.27896	-26.0633	2.52336	1.67979	4.58223
1477010463600000	-26.0268	2.78143	4.50153	1.16499	-0.531456	lidar	0.111624	-26.0641	2.80701	-25.9765	2.75141	1.79339	4.54334
1477010463650000	-25.9401	2.99224	4.53058	1.13674	-0.541454	radar	2.08993	-26.3234	3.02388	-25.8841	2.97746	1.90543	4.502
1477010463700000	-25.8343	3.26759	4.69054	1.11545	-0.532949	lidar	1.51536	-25.8345	3.42005	-25.7861	3.20139	2.01582	4.45828
1477010463750000	-25.7543	3.47859	4.66131	1.0992	-0.515584	radar	2.71673	-26.1824	3.73376	-25.6826	3.42306	2.12452	4.41227
1477010463800000	-25.6508	3.66806	4.62386	1.0725	-0.51726	lidar	0.0874038	-25.6666	3.63509	-25.5737	3.64239	2.23146	4.36404
1477010463850000	-25.5403	3.85813	4.59274	1.04693	-0.515196	radar	0.955102	-25.5773	3.13316	-25.4596	3.85924	2.3366	4.31367
1477010463900000	-25.4755	4.02559	4.49432	1.03172	-0.504528	lidar	4.03291	-25.7492	3.99968	-25.3402	4.07353	2.43989	4.26125
1477010463950000	-25.3584	4.20966	4.47484	1.00637	-0.503415	radar	0.422324	-25.3516	3.75691	-25.2157	4.28514	2.54127	4.20686
1477010464000000	-25.1978	4.44745	4.60228	0.979075	-0.5037	lidar	2.15508	-25.0214	4.52803	-25.0863	4.49399	2.64071	4.15058
1477010464050000	-25.0526	4.62988	4.55979	0.956233	-0.489551	radar	8.61395	-24.2719	4.30917	-24.9518	4.69998	2.73817	4.09251
1477010464100000	-24.935	4.83278	4.5797	0.940648	-0.478968	lidar	0.691224	-25.0363	4.88499	-24.8126	4.90303	2.83361	4.03273
1477010464150000	-24.7832	5.01392	4.58275	0.912835	-0.481523	radar	2.09597	-24.3609	4.95947	-24.6686	5.10304	2.92701	3.97132
1477010464200000	-24.6127	5.25058	4.71437	0.893832	-0.47358	lidar	1.3864	-24.5041	5.35293	-24.5201	5.29995	3.01833	3.90839
1477010464250000	-24.4429	5.42581	4.76581	0.854517	-0.501535	radar	0.85879	-24.4379	5.24592	-24.367	5.49367	3.10754	3.84401
1477010464300000	-24.2565	5.61303	4.81139	0.823654	-0.50707	lidar	1.05351	-24.1159	5.61152	-24.2095	5.68414	3.19464	3.77827
1477010464350000	-24.0928	5.76974	4.81039	0.789048	-0.524794	radar	3.17012	-24.5638	4.75836	-24.0477	5.8713	3.27959	3.71127
1477010464400000	-23.9202	5.9403	4.81537	0.763034	-0.52446	lidar	0.00217616	-23.9153	5.94377	-23.8818	6.05508	3.36239	3.64309
1477010464450000	-23.7798	6.11653	4.68063	0.765478	-0.471228	radar	4.2244	-23.5491	6.44495	-23.7117	6.23542	3.44302	3.57383
1477010464500000	-23.6151	6.27976	4.67921	0.744297	-0.46877	lidar	0.0606999	-23.6471	6.29102	-23.5377	6.41227	3.52148	3.50357
1477010464550000	-23.4688	6.44376	4.61817	0.73566	-0.445392	radar	1.58276	-23.7544	6.53746	-23.3598	6.58559	3.59775	3.4324
1477010464600000	-23.2356	6.69681	4.85428	0.728852	-0.424769	lidar	4.81585	-23.0099	6.86182	-23.1781	6.75533	3.67185	3.36041
1477010464650000	-23.0421	6.83433	4.81412	0.700561	-0.428569	radar	5.33288	-22.7862	5.74143	-22.9928	6.92146	3.74376	3.28768
1477010464700000	-22.8261	7.02001	4.90458	0.682041	-0.423907	lidar	1.03426	-22.6991	7.063	-22.804	7.08393	3.8135	3.21431
1477010464750000	-22.613	7.15819	4.94006	0.647164	-0.444209	radar	1.57464	-22.418	6.76159	-22.6117	7.24273	3.88106	3.14038
1477010464800000	-22.4303	7.30346	4.91695	0.62793	-0.441627	lidar	0.330234	-22.5083	7.31524	-22.4161	7.39782	3.94647	3.06598
1477010464850000	-22.1959	7.44264	5.05474	0.585666	-0.480059	radar	2.67251	-22.0543	7.85452	-22.2173	7.54917	4.00974	2.99118
1477010464900000	-22.0146	7.60581	5.05045	0.576493	-0.465053	lidar	2.14123	-22.1947	7.69478	-22.0154	7.69679	4.07087	2.91607
1477010464950000	-21.8294	7.77852	4.98597	0.580694	-0.421705	radar	5.55133	-21.6178	9.0351	-21.8105	7.84064	4.12989	2.84074
1477010465000000	-21.6232	7.92034	4.99138	0.562655	-0.418484	lidar	0.0526469	-21.6473	7.94	-21.6026	7.98072	4.18681	2.76526
1477010465050000	-21.4337	8.05242	4.93722	0.549061	-0.407228	radar	1.61791	-21.8637	7.78661	-21.392	8.11703	4.24166	2.68971
1477010465100000	-21.2183	8.07549	4.80146	0.492349	-0.447192	lidar	4.55954	-21.0853	7.83229	-21.1787	8.24957	4.29447	2.61417
1477010465150000	-21.0297	8.21908	4.69264	0.496994	-0.400738	radar	5.73483	-20.5503	9.28616	-20.9628	8.37833	4.34526	2.53871
1477010465200000	-20.8529	8.37246	4.70307	0.497417	-0.379362	lidar	3.13144	-21.0519	8.50983	-20.7444	8.50333	4.39406	2.46341
1477010465250000	-20.607	8.49149	4.84093	0.467953	-0.400324	radar	4.66956	-19.9265	9.40847	-20.5237	8.62457	4.4409	2.38835
1477010465300000	-20.3515	8.63867	4.94941	0.456658	-0.388978	lidar	1.33671	-20.21	8.68914	-20.3006	8.74206	4.48582	2.31358
1477010465350000	-20.1565	8.7626	4.8396	0.457443	-0.3535	radar	1.73892	-20.2277	8.8532	-20.0753	8.85583	4.52884	2.23919
1477010465400000	-19.9619	8.85932	4.79365	0.439929	-0.354275	lidar	0.560406	-20.0633	8.86724	-19.848	8.96589	4.57001	2.16524
1477010465450000	-19.7682	8.96687	4.69529	0.435864	-0.329268	radar	1.2048	-19.9264	8.78179	-19.6186	9.07227	4.60937	2.09179
1477010465500000	-19.5487	9.03875	4.67567	0.408862	-0.340636	lidar	0.504695	-19.4861	8.96665	-19.3873	9.17499	4.64694	2.01891
1477010465550000	-19.3058	9.14909	4.77463	0.39226	-0.34377	radar	4.65469	-18.5719	10.2069	-19.1542	9.27409	4.68278	1.94666
1477010465600000	-19.011	9.25284	4.90976	0.37144	-0.344935	lidar	6.12601	-18.6786	9.19191	-18.9193	9.36959	4.71692	1.8751
1477010465650000	-18.7965	9.33328	4.88551	0.352492	-0.348507	radar	1.65591	-19.2825	8.98189	-18.6827	9.46154	4.7494	1.80429
1477010465700000	-18.5356	9.44235	4.96489	0.341969	-0.339702	lidar	0.767958	-18.4242	9.46852	-18.4446	9.54996	4.78028	1.73429
1477010465750000	-18.2659	9.48173	5.08324	0.293907	-0.387793	radar	5.43794	-18.1634	8.72444	-18.2049	9.63492	4.80959	1.66514
1477010465800000	-17.9606	9.62431	5.25705	0.296548	-0.3612	lidar	2.83212	-17.7736	9.72478	-17.9639	9.71643	4.83737	1.59691
1477010465850000	-17.7137	9.72115	5.18124	0.296913	-0.327785	radar	3.034	-17.2296	9.97767	-17.7214	9.79457	4.86368	1.52964
1477010465900000	-17.4348	9.83084	5.26756	0.291962	-0.314067	lidar	0.687039	-17.3436	9.88109	-17.4777	9.86936	4.88856	1.46338
1477010465950000	-17.1831	9.91408	5.27594	0.279849	-0.310347	radar	0.397283	-17.1554	10.212	-17.2328	9.94087	4.91205	1.39818
1477010466000000	-16.9081	10.037	5.35988	0.282893	-0.289384	lidar	0.805599	-16.8876	10.145	-16.9868	10.0091	4.93421	1.33408
1477010466050000	-16.6494	10.1106	5.35821	0.26902	-0.288002	radar	0.0310713	-16.5958	10.1078	-16.7396	10.0743	4.95507	1.27113
1477010466100000	-16.4059	10.2086	5.35752	0.26645	-0.275748	lidar	1.18157	-16.5153	10.3091	-16.4915	10.1362	4.97469	1.20937
1477010466150000	-16.1441	10.2839	5.38308	0.253398	-0.277153	radar	0.435006	-16.09	10.5824	-16.2424	10.1952	4.99311	1.14883
1477010466200000	-15.923	10.2905	5.26176	0.219337	-0.300279	lidar	1.23286	-16.006	10.1843	-15.9924	10.2511	5.01039	1.08956
1477010466250000	-15.676	10.3552	5.21816	0.211667	-0.287615	radar	0.280929	-15.7234	10.41	-15.7416	10.3041	5.02655	1.03159
1477010466300000	-15.4712	10.3322	5.06697	0.170698	-0.318244	lidar	2.02799	-15.5699	10.1904	-15.4899	10.3543	5.04166	0.974957
1477010466350000	-15.1634	10.3707	5.27742	0.142048	-0.34442	radar	7.68131	-14.2385	10.9109	-15.2376	10.4016	5.05576	0.919692
1477010466400000	-14.9039	10.422	5.28581	0.131036	-0.337641	lidar	0.197039	-14.9365	10.4722	-14.9846	10.4462	5.06889	0.865828
1477010466450000	-14.6686	10.4493	5.10492	0.124393	-0.309815	radar	6.46624	-14.724	9.63507	-14.7309	10.4882	5.0811	0.813394
1477010466500000	-14.4364	10.4075	5.02019	0.0813929	-0.341003	lidar	2.12875	-14.4088	10.222	-14.4766	10.5276	5.09243	0.762418
1477010466550000	-14.1775	10.4297	5.02929	0.066444	-0.337235	radar	0.545979	-13.9005	10.5238	-14.2218	10.5645	5.10293	0.712926
1477010466600000	-13.8568	10.5915	5.23834	0.107622	-0.269905	lidar	7.89383	-13.8049	10.9383	-13.9665	10.5989	5.11263	0.664944
1477010466650000	-13.6065	10.6477	5.13878	0.115851	-0.231788	radar	2.06074	-13.3956	10.7857	-13.7107	10.631	5.12159	0.618496
1477010466700000	-13.3633	10.6419	5.09778	0.0906546	-0.247241	lidar	0.497444	-13.3556	10.5517	-13.4545	10.6608	5.12983	0.573603
1477010466750000	-13.1012	10.6661	5.12708	0.0781428	-0.248819	radar	0.232889	-12.9374	10.8137	-13.1979	10.6884	5.13741	0.530288
1477010466800000	-12.8428	10.7618	5.17386	0.0963771	-0.214958	lidar	4.16977	-12.9591	11.0099	-12.9409	10.7138	5.14436	0.48857
1477010466850000	-12.5787	10.8117	5.17	0.0994535	-0.194843	radar	1.46404	-12.2518	11.2495	-12.6836	10.7373	5.15071	0.448467
1477010466900000	-12.3535	10.772	5.07575	0.0638641	-0.224033	lidar	1.68382	-12.3713	10.6091	-12.426	10.7587	5.15651	0.409997
1477010466950000	-12.1021	10.8033	5.03315	0.0639029	-0.205011	radar	0.620105	-11.9352	10.9161	-12.1681	10.7783	5.16179	0.373177
1477010467000000	-11.8525	10.8703	5.05699	0.0741832	-0.182677	lidar	2.26389	-11.9451	11.0515	-11.91	10.7961	5.16658	0.338022
1477010467050000	-11.575	10.8913	5.10687	0.0668791	-0.179847	radar	2.74483	-10.9703	10.9676	-11.6516	10.8121	5.17092	0.304546
1477010467100000	-11.3497	10.9038	5.04919	0.0558323	-0.182891	lidar	0.682354	-11.4548	10.9407	-11.393	10.8265	5.17484	0.272761
1477010467150000	-11.0779	10.8463	5.25023	-0.00252569	-0.266462	radar	8.95606	-11.3472	10.5111	-11.1342	10.8394	5.17836	0.242681
1477010467200000	-10.7774	10.8231	5.31463	-0.0229929	-0.273066	lidar	2.69885	-10.6009	10.6823	-10.8753	10.8509	5.18153	0.214317
1477010467250000	-10.5215	10.8213	5.27815	-0.0326894	-0.266151	radar	0.246989	-10.6563	10.8369	-10.6161	10.8609	5.18435	0.187679
1477010467300000	-10.2914	10.8127	5.21462	-0.0467799	-0.268098	lidar	1.02741	-10.4142	10.8747	-10.3569	10.8697	5.18687	0.162776
1477010467350000	-10.052	10.8604	5.02512	-0.0207357	-0.20162	radar	6.52416	-9.90413	11.2255	-10.0976	10.8772	5.1891	0.139618
1477010467400000	-9.78731	10.9111	5.0715	-0.00792229	-0.176364	lidar	2.19576	-9.83445	11.1032	-9.83809	10.8837	5.19106	0.118212
1477010467450000	-9.56686	10.8849	4.98991	-0.0265068	-0.18647	radar	3.79652	-10.195	10.3498	-9.57852	10.8891	5.19278	0.0985664
1477010467500000	-9.30116	10.9151	5.03485	-0.0203095	-0.169295	lidar	0.83395	-9.3066	11.0348	-9.31887	10.8936	5.19428	0.0806865
1477010467550000	-9.06324	10.8904	4.97759	-0.0339911	-0.17125	radar	2.49001	-9.2226	10.3527	-9.05915	10.8972	5.19557	0.0645787
1477010467600000	-8.79186	10.9264	5.03718	-0.0237257	-0.150457	lidar	1.21778	-8.78899	11.0707	-8.79937	10.9001	5.19667	0.050248
1477010467650000	-8.56078	10.8791	4.97799	-0.0475679	-0.167588	radar	6.20738	-8.83914	10.0319	-8.53953	10.9023	5.19759	0.0376992
1477010467700000	-8.41163	10.7947	4.75846	-0.0896463	-0.20616	lidar	4.13091	-8.62045	10.6577	-8.27965	10.9039	5.19835	0.0269359
1477010467750000	-8.16803	10.801	4.73238	-0.083553	-0.181457	radar	1.55768	-7.91543	11.1157	-8.01974	10.905	5.19896	0.0179617
1477010467800000	-7.80405	10.8615	5.00663	-0.051836	-0.133869	lidar	6.57576	-7.51971	11.0005	-7.75979	10.9057	5.19942	0.0107791
1477010467850000	-7.54505	10.8602	4.97264	-0.0453239	-0.108673	radar	2.14686	-7.25987	10.6458	-7.49981	10.9061	5.19975	0.00539029
1477010467900000	-7.26136	10.8525	5.04506	-0.0466934	-0.103426	lidar	0.712272	-7.15631	10.815	-7.23983	10.9063	5.19994	0.00179692
1477010467950000	-7.03365	10.8801	4.91922	-0.0249213	-0.0570344	radar	3.72715	-7.39396	11.0181	-6.97983	10.9064	5.2	-7.84874e-15
